{
  "method": "DANIILIDIS",
  "num_poses": 37,
  "num_attempted": 40,
  "num_skipped": 3,
  "skip_rate": 0.075,
  "tag_size_m": 0.15,
  "config": {
    "num_poses": 40,
    "min_valid_poses": 10,
    "ready_settle_s": 1.0,
    "settling_time_s": 1.5,
    "detection_timeout_s": 2.0,
    "samples_per_pose": 10,
    "safe_delta_per_joint": {
      "base": 0.4,
      "shoulder": 0.3,
      "elbow": 0.3,
      "wrist1": 0.5,
      "wrist2": 0.4,
      "wrist3": 0.5
    }
  },
  "T_cam_to_base": {
    "translation": [
      0.27909862581751316,
      0.8387760419469337,
      0.9836902464278221
    ],
    "rotation_xyzw": [
      -0.5332030988035085,
      0.6311726475777312,
      -0.42860046202370483,
      -0.36553684948185405
    ]
  },
  "ground_truth_T_cam_to_base": {
    "translation": [
      0.18041404573219327,
      -0.7589429163645328,
      -0.8347348273221746
    ],
    "rotation_xyzw": [
      -0.3678146865080039,
      0.4297485208739162,
      0.626501865732795,
      0.5362126233398713
    ]
  },
  "accuracy": {
    "translation_error_mm": 2422.6254900287777,
    "rotation_error_deg": 179.6744472067111
  },
  "skipped_poses": [
    {
      "pose_index": 32,
      "reason": "no detection within timeout (\uc2dc\uc57c \ubc16 / \ucda9\ub3cc / \uac00\ub9bc)"
    },
    {
      "pose_index": 34,
      "reason": "no detection within timeout (\uc2dc\uc57c \ubc16 / \ucda9\ub3cc / \uac00\ub9bc)"
    },
    {
      "pose_index": 39,
      "reason": "no detection within timeout (\uc2dc\uc57c \ubc16 / \ucda9\ub3cc / \uac00\ub9bc)"
    }
  ],
  "poses_used": [
    {
      "joints": [
        0.0004,
        -0.9375,
        2.4285,
        -3.64,
        1.5676,
        0.0
      ],
      "R_base_tcp": [
        [
          -0.0005279693430049193,
          0.0775994584732721,
          -0.9969844759538774
        ],
        [
          0.9999947807471957,
          0.0032187916640482594,
          -0.00027903152360009287
        ],
        [
          0.003187432625257336,
          -0.9969794197599458,
          -0.07760075288540103
        ]
      ],
      "t_base_tcp": [
        -0.052403651929234595,
        -0.15363337125086157,
        0.7089993654594485
      ],
      "R_cam_tag": [
        [
          0.9879905630864874,
          0.014740675303414282,
          0.1538094917215613
        ],
        [
          -0.053013896590993044,
          -0.9026758674303161,
          0.4270430951639023
        ],
        [
          0.14513501996515252,
          -0.4300685885420203,
          -0.8910537779108448
        ]
      ],
      "t_cam_tag": [
        0.438893946667763,
        0.167298826534933,
        0.6275832528331168
      ],
      "corners_avg_px": [
        [
          1056.1540893554688,
          437.3769134521484
        ],
        [
          947.1430480957031,
          446.96360168457034
        ],
        [
          915.0462951660156,
          540.672705078125
        ],
        [
          1014.4081115722656,
          529.0311767578125
        ]
      ]
    },
    {
      "joints": [
        0.0004,
        -0.9375,
        2.4285,
        -3.39,
        1.5676,
        0.0
      ],
      "R_base_tcp": [
        [
          -0.0005278235401551257,
          0.07759735605204227,
          -0.9969846396690589
        ],
        [
          0.9999947809512797,
          0.003218740001853959,
          -0.00027889604352138164
        ],
        [
          0.003187392745346296,
          -0.9969795835655479,
          -0.07759864999440325
        ]
      ],
      "t_base_tcp": [
        -0.0524033986094944,
        -0.15363340105318402,
        0.7089994846687382
      ],
      "R_cam_tag": [
        [
          0.9879710800855739,
          0.015027848975199584,
          0.15390681813917315
        ],
        [
          -0.052767771694848226,
          -0.9027675964247095,
          0.4268796424238492
        ],
        [
          0.14535717108180904,
          -0.429866061233882,
          -0.8911152912021891
        ]
      ],
      "t_cam_tag": [
        0.4389754303791461,
        0.1673279743732739,
        0.6276969491554711
      ],
      "corners_avg_px": [
        [
          1056.1244750976562,
          437.3888732910156
        ],
        [
          947.1849548339844,
          446.95419921875
        ],
        [
          915.0411193847656,
          540.6605224609374
        ],
        [
          1014.4021484375,
          529.0427612304687
        ]
      ]
    },
    {
      "joints": [
        0.0004,
        -0.9375,
        2.4285,
        -2.89,
        1.5676,
        0.0
      ],
      "R_base_tcp": [
        [
          0.0002677975346181416,
          -0.17143792999876367,
          -0.98519488652866
        ],
        [
          0.9999950036221945,
          0.003149042330785834,
          -0.0002761576473732652
        ],
        [
          0.003149764297171509,
          -0.9851898901684577,
          0.17143791673586772
        ]
      ],
      "t_base_tcp": [
        -0.02229764204208444,
        -0.15362498190712193,
        0.7368008195573502
      ],
      "R_cam_tag": [
        [
          0.988035701224282,
          -0.02326216533132067,
          0.15246089587281125
        ],
        [
          -0.05239742915692722,
          -0.9803886959028711,
          0.18998029993557897
        ],
        [
          0.14505158573413351,
          -0.1956958778563464,
          -0.9698779102887369
        ]
      ],
      "t_cam_tag": [
        0.4336988203780127,
        0.10365844965958773,
        0.645033151168365
      ],
      "corners_avg_px": [
        [
          1027.2261596679687,
          380.07109985351565
        ],
        [
          923.4450073242185,
          386.95970153808594
        ],
        [
          913.2483459472656,
          496.9845764160156
        ],
        [
          1012.8418579101565,
          486.74749450683595
        ]
      ]
    },
    {
      "joints": [
        0.0004,
        -0.9375,
        2.4285,
        -2.64,
        1.5676,
        0.0
      ],
      "R_base_tcp": [
        [
          0.0010293529427014558,
          -0.4099201379020923,
          -0.9121208368274726
        ],
        [
          0.9999952205432887,
          0.0030811142210414033,
          -0.00025617520617166045
        ],
        [
          0.0029153598574982453,
          -0.9121162136907153,
          0.40992135026052834
        ]
      ],
      "t_base_tcp": [
        0.01377310058242483,
        -0.15361474481640308,
        0.7562968432490363
      ],
      "R_cam_tag": [
        [
          0.987966497501369,
          -0.060043364468143526,
          0.14253769395575108
        ],
        [
          -0.0521871812271211,
          -0.9969380485669329,
          -0.0582325118393793
        ],
        [
          0.14559772639174454,
          0.05009313029649386,
          -0.9880748860115073
        ]
      ],
      "t_cam_tag": [
        0.42682090372603143,
        0.04607450835994035,
        0.6782825208374877
      ],
      "corners_avg_px": [
        [
          991.4908630371094,
          336.9084533691406
        ],
        [
          894.599365234375,
          341.88270263671876
        ],
        [
          904.1220031738281,
          452.2472351074219
        ],
        [
          1001.8067199707032,
          443.70233764648435
        ]
      ]
    },
    {
      "joints": [
        0.0004,
        -0.9375,
        2.4285,
        -3.14,
        1.1676000000000002,
        0.0
      ],
      "R_base_tcp": [
        [
          -0.030704609211050338,
          0.07126428437774163,
          -0.9969847685623514
        ],
        [
          0.9197904679069764,
          0.3924097577152459,
          -0.00027784407088998764
        ],
        [
          0.3912067511184624,
          -0.9170256178657119,
          -0.07759699773410844
        ]
      ],
      "t_base_tcp": [
        -0.05167283191967073,
        -0.1985071005957238,
        0.6997794805715954
      ],
      "R_cam_tag": [
        [
          0.9037682287760427,
          0.39886820820500696,
          0.15526474531696505
        ],
        [
          0.3027870060804289,
          -0.8521797927231486,
          0.42674304894535986
        ],
        [
          0.302527713778201,
          -0.3386646621034718,
          -0.8909451324511943
        ]
      ],
      "t_cam_tag": [
        0.4940223643397968,
        0.1744565977587548,
        0.6401671009154104
      ],
      "corners_avg_px": [
        [
          1095.5074340820313,
          462.5497192382812
        ],
        [
          1017.9826721191406,
          432.79697570800784
        ],
        [
          942.5457275390625,
          524.5919006347656
        ],
        [
          1019.1297485351563,
          546.1463073730469
        ]
      ]
    },
    {
      "joints": [
        0.0004,
        -0.9375,
        2.4285,
        -3.14,
        1.3676000000000001,
        0.0
      ],
      "R_base_tcp": [
        [
          -0.01593372195118503,
          0.07594355953979515,
          -0.9969848004203516
        ],
        [
          0.979418771760337,
          0.20183852971784355,
          -0.0002782890810685279
        ],
        [
          0.20120881200448432,
          -0.976470062872265,
          -0.0775965868191344
        ]
      ],
      "t_base_tcp": [
        -0.05221255943567544,
        -0.1765341463249686,
        0.7066343127513528
      ],
      "R_cam_tag": [
        [
          0.9653799887258561,
          0.21057535662289445,
          0.1539464080477589
        ],
        [
          0.12719868482338614,
          -0.8952800098827156,
          0.42695924686509096
        ],
        [
          0.22773223739046505,
          -0.39259613228806217,
          -0.8910703142657078
        ]
      ],
      "t_cam_tag": [
        0.4673333410402129,
        0.1683185986333747,
        0.6330376921833454
      ],
      "corners_avg_px": [
        [
          1079.186474609375,
          447.52195129394534
        ],
        [
          983.5854248046875,
          436.65569763183595
        ],
        [
          928.2625,
          531.7602722167969
        ],
        [
          1018.2809265136718,
          536.90390625
        ]
      ]
    },
    {
      "joints": [
        0.0004,
        -0.9375,
        2.4285,
        -3.14,
        1.7676,
        0.0
      ],
      "R_base_tcp": [
        [
          0.01489927267575264,
          0.0761545313559649,
          -0.9969847035073746
        ],
        [
          0.9806978295801987,
          -0.19552925326409465,
          -0.00027959734215965426
        ],
        [
          -0.1949609671970821,
          -0.9777365690572996,
          -0.07759782727396036
        ]
      ],
      "t_base_tcp": [
        -0.05223702341721445,
        -0.13071775461855464,
        0.7067805825661071
      ],
      "R_cam_tag": [
        [
          0.9712827156317517,
          -0.18150013421712746,
          0.15384273656619152
        ],
        [
          -0.23102114470087054,
          -0.8740863907368,
          0.4273198008866589
        ],
        [
          0.056913241131649875,
          -0.4505892617538495,
          -0.8909153720617978
        ]
      ],
      "t_cam_tag": [
        0.4104244014102515,
        0.17136024784304948,
        0.6245476503513245
      ],
      "corners_avg_px": [
        [
          1027.3154663085938,
          432.94495544433596
        ],
        [
          911.0075561523438,
          463.0220153808594
        ],
        [
          903.4940490722656,
          550.712353515625
        ],
        [
          1007.9071228027344,
          522.6287170410156
        ]
      ]
    },
    {
      "joints": [
        0.0004,
        -0.9375,
        2.4285,
        -3.14,
        1.9676,
        0.0
      ],
      "R_base_tcp": [
        [
          0.029732588401735982,
          0.07167646205909933,
          -0.9969846829182603
        ],
        [
          0.9222974279943665,
          -0.3864807574034739,
          -0.00028012820944073313
        ],
        [
          -0.385335473972887,
          -0.9195080798685393,
          -0.07759808988991201
        ]
      ],
      "t_base_tcp": [
        -0.05172048210816981,
        -0.1087009983795831,
        0.7000655828988118
      ],
      "R_cam_tag": [
        [
          0.9158569902206305,
          -0.37078828713524936,
          0.15401954287464614
        ],
        [
          -0.4000787633566807,
          -0.8104868873843247,
          0.4278410785432577
        ],
        [
          -0.03380764077832377,
          -0.4534611907334263,
          -0.8906346006773075
        ]
      ],
      "t_cam_tag": [
        0.38268252237518513,
        0.18048022018070353,
        0.6238249302747831
      ],
      "corners_avg_px": [
        [
          993.9048522949219,
          434.9374267578125
        ],
        [
          877.0298522949217,
          483.9952331542969
        ],
        [
          893.998974609375,
          561.5626281738281
        ],
        [
          998.7669372558594,
          518.1857238769531
        ]
      ]
    },
    {
      "joints": [
        0.0004,
        -0.9375,
        2.4285,
        -3.14,
        1.5676,
        -0.5
      ],
      "R_base_tcp": [
        [
          -0.47844326504565005,
          0.07759583532916847,
          -0.8746833303956507
        ],
        [
          0.8774442160465873,
          0.003218806816548181,
          -0.4796678924100173
        ],
        [
          -0.034404794125938165,
          -0.9969797017102437,
          -0.06962603334174311
        ]
      ],
      "t_base_tcp": [
        -0.05240325704846324,
        -0.15363341595434526,
        0.7089996634826725
      ],
      "R_cam_tag": [
        [
          0.7929588750916221,
          0.0158793000229034,
          0.6090681983523784
        ],
        [
          -0.25043251402184824,
          -0.9028159093648117,
          0.3495811632775497
        ],
        [
          0.5554275635347298,
          -0.42973396610993025,
          -0.7119191948790979
        ]
      ],
      "t_cam_tag": [
        0.474959679166958,
        0.16184225591956924,
        0.6433295108281751
      ],
      "corners_avg_px": [
        [
          1042.6255493164062,
          416.5230010986328
        ],
        [
          999.03125,
          457.3786590576172
        ],
        [
          960.702734375,
          552.1234436035156
        ],
        [
          1004.7800170898438,
          504.32483825683596
        ]
      ]
    },
    {
      "joints": [
        0.0004,
        -0.9375,
        2.4285,
        -3.14,
        1.5676,
        -0.25
      ],
      "R_base_tcp": [
        [
          -0.24716942758835314,
          0.07759582510892982,
          -0.9658603221953526
        ],
        [
          0.9688383541827633,
          0.0032187242504911895,
          -0.24767293610452012
        ],
        [
          -0.016109547792544088,
          -0.9969797027722599,
          -0.0759733817205479
        ]
      ],
      "t_base_tcp": [
        -0.05240330175194677,
        -0.15363340105318404,
        0.7089996038780277
      ],
      "R_cam_tag": [
        [
          0.9190208496979652,
          0.01596307472362206,
          0.3938855900712769
        ],
        [
          -0.1559803445023284,
          -0.9029103136779549,
          0.40052852280819157
        ],
        [
          0.3620370284230121,
          -0.42953247339327577,
          -0.8273034777826636
        ]
      ],
      "t_cam_tag": [
        0.4575538852862709,
        0.16550432426364164,
        0.6332553457144938
      ],
      "corners_avg_px": [
        [
          1052.17626953125,
          427.2303466796875
        ],
        [
          973.2759033203125,
          453.61412658691404
        ],
        [
          937.8380310058594,
          548.2590637207031
        ],
        [
          1012.0936950683594,
          516.9452514648438
        ]
      ]
    },
    {
      "joints": [
        0.0004,
        -0.9375,
        2.4285,
        -3.14,
        1.5676,
        0.25
      ],
      "R_base_tcp": [
        [
          0.24614598908217555,
          0.07759596365676102,
          -0.9661216375192807
        ],
        [
          0.9689765036199532,
          0.0032191074016523213,
          0.24713189349007075
        ],
        [
          0.022286486739916955,
          -0.9969796907518806,
          -0.07439629518380797
        ]
      ],
      "t_base_tcp": [
        -0.05240328312549534,
        -0.15363340105318407,
        0.7089996634826724
      ],
      "R_cam_tag": [
        [
          0.9951755535018996,
          0.014100604554347501,
          -0.09709166114239565
        ],
        [
          0.05448609578449096,
          -0.9024108826983597,
          0.42741766944492426
        ],
        [
          -0.0815897240977756,
          -0.4306457613152243,
          -0.8988255365658453
        ]
      ],
      "t_cam_tag": [
        0.42060680049502425,
        0.1674706493490081,
        0.6276916936698189
      ],
      "corners_avg_px": [
        [
          1053.268798828125,
          446.5057861328125
        ],
        [
          923.0556030273438,
          438.0514404296875
        ],
        [
          894.0946411132812,
          530.2191833496094
        ],
        [
          1010.8175537109375,
          539.5161010742188
        ]
      ]
    },
    {
      "joints": [
        0.0004,
        -0.9375,
        2.4285,
        -3.14,
        1.5676,
        0.5
      ],
      "R_base_tcp": [
        [
          0.4775169025860577,
          0.07759596474127939,
          -0.875189393217541
        ],
        [
          0.8777115923571414,
          0.0032190630083338556,
          0.4791784618231911
        ],
        [
          0.03999960482940551,
          -0.99697969081081,
          -0.06656972077658807
        ]
      ],
      "t_base_tcp": [
        -0.052403353906011085,
        -0.1536334010531841,
        0.7089997230873173
      ],
      "R_cam_tag": [
        [
          0.9403885496693718,
          0.014013941423254059,
          -0.33981316204132184
        ],
        [
          0.15823946957032808,
          -0.9024454100107874,
          0.4006900949868403
        ],
        [
          -0.30104758082541916,
          -0.43057623180599214,
          -0.8508668889332309
        ]
      ],
      "t_cam_tag": [
        0.4021064114622783,
        0.16534538685011957,
        0.6309946112067716
      ],
      "corners_avg_px": [
        [
          1043.4197021484374,
          453.3136352539062
        ],
        [
          902.6976196289063,
          427.7259979248047
        ],
        [
          876.4562194824218,
          518.244677734375
        ],
        [
          1001.156005859375,
          547.5198303222656
        ]
      ]
    },
    {
      "joints": [
        -0.3996,
        -0.9375,
        2.4285,
        -3.14,
        1.5676,
        0.0
      ],
      "R_base_tcp": [
        [
          0.38892949253691955,
          0.07272381611678724,
          -0.9183926700515342
        ],
        [
          0.9212620101344363,
          -0.027252638237933224,
          0.38798660078942226
        ],
        [
          0.003187243014303509,
          -0.9969797090605629,
          -0.0775970437805702
        ]
      ],
      "t_base_tcp": [
        -0.10809404478106434,
        -0.12109902526640275,
        0.7089996038330135
      ],
      "R_cam_tag": [
        [
          0.9702255850626693,
          -0.016502931585171812,
          -0.24164016085679121
        ],
        [
          0.0897132521054913,
          -0.9022248404859032,
          0.42183156544626066
        ],
        [
          -0.22497521304903204,
          -0.43095010205275674,
          -0.8738810920567289
        ]
      ],
      "t_cam_tag": [
        0.3791895286981714,
        0.1937625479186943,
        0.5579935767936975
      ],
      "corners_avg_px": [
        [
          1074.6690673828125,
          488.054052734375
        ],
        [
          915.9943054199217,
          467.9858154296875
        ],
        [
          888.6371032714844,
          565.7929809570312
        ],
        [
          1027.7540405273437,
          589.484912109375
        ]
      ]
    },
    {
      "joints": [
        0.40040000000000003,
        -0.9375,
        2.4285,
        -3.14,
        1.5676,
        0.0
      ],
      "R_base_tcp": [
        [
          -0.38990268452496,
          0.07021746233196174,
          -0.9181750402749409
        ],
        [
          0.9208505517014116,
          0.033181841948215496,
          -0.388501257135842
        ],
        [
          0.0031871666783438446,
          -0.9969796754942317,
          -0.0775974781805524
        ]
      ],
      "t_base_tcp": [
        0.011560986929798704,
        -0.1619123670031963,
        0.7089996635448504
      ],
      "R_cam_tag": [
        [
          0.8493126313821849,
          0.043022383253188315,
          0.5261341356668331
        ],
        [
          -0.18708124345218013,
          -0.9074550275174514,
          0.3761993904589528
        ],
        [
          0.4936280609153575,
          -0.4179407225582562,
          -0.7626643363265566
        ]
      ],
      "t_cam_tag": [
        0.4667010765334775,
        0.13492058644764354,
        0.7158285639228158
      ],
      "corners_avg_px": [
        [
          1002.8683227539062,
          395.9452758789063
        ],
        [
          947.880810546875,
          421.291650390625
        ],
        [
          916.1833190917969,
          509.9543426513672
        ],
        [
          969.8859558105469,
          478.202490234375
        ]
      ]
    },
    {
      "joints": [
        0.0004,
        -1.2375,
        2.4285,
        -3.14,
        1.5676,
        0.0
      ],
      "R_base_tcp": [
        [
          -0.0015239795698887004,
          0.37049462802791794,
          -0.9288333586218387
        ],
        [
          0.9999944267165826,
          0.003323754040070126,
          -0.000314952146013181
        ],
        [
          0.002970525550087477,
          -0.9288286619509196,
          -0.37049762848960377
        ]
      ],
      "t_base_tcp": [
        -0.20218485665001526,
        -0.1536873879462975,
        0.6704261598358102
      ],
      "R_cam_tag": [
        [
          0.98755307559697,
          0.06286843654598288,
          0.14417518012899405
        ],
        [
          -0.05193453561809749,
          -0.7348946473682572,
          0.6761898115763186
        ],
        [
          0.14846456442227796,
          -0.6752609991371844,
          -0.722482426191222
        ]
      ],
      "t_cam_tag": [
        0.46745869846702953,
        0.2983973185054748,
        0.4847010208540425
      ],
      "corners_avg_px": [
        [
          1242.1984252929688,
          623.7583251953125
        ],
        [
          1101.725732421875,
          646.8124633789063
        ],
        [
          1004.0470825195314,
          694.4802978515625
        ],
        [
          1121.7310668945313,
          674.0137573242188
        ]
      ]
    },
    {
      "joints": [
        0.0004,
        -0.6375,
        2.4285,
        -3.14,
        1.5676,
        0.0
      ],
      "R_base_tcp": [
        [
          0.00047809140401011696,
          -0.22227056662548017,
          -0.9749849058526995
        ],
        [
          0.9999950369334537,
          0.003142453537531953,
          -0.00022604031698120197
        ],
        [
          0.003114086875772637,
          -0.9749799588697976,
          0.22227096586189066
        ]
      ],
      "t_base_tcp": [
        0.10218408629436161,
        -0.15359464313020618,
        0.7014672458659621
      ],
      "R_cam_tag": [
        [
          0.9879219317582227,
          -0.03038557504323263,
          0.15194398171824092
        ],
        [
          -0.05164203008370285,
          -0.9890886569254768,
          0.1379736549859807
        ],
        [
          0.14609365995803852,
          -0.14415389544042362,
          -0.9787115494104566
        ]
      ],
      "t_cam_tag": [
        0.41063065812785027,
        0.08583351024118493,
        0.8072230549676255
      ],
      "corners_avg_px": [
        [
          933.2126342773438,
          364.70847778320314
        ],
        [
          848.7926086425781,
          369.7110229492188
        ],
        [
          846.0060180664062,
          459.6209411621094
        ],
        [
          928.2300537109375,
          452.4401153564453
        ]
      ]
    },
    {
      "joints": [
        0.0004,
        -0.9375,
        2.1285000000000003,
        -3.14,
        1.5676,
        0.0
      ],
      "R_base_tcp": [
        [
          -0.0014787959094966219,
          0.3693560198140586,
          -0.9292867930783127
        ],
        [
          0.9999944927974109,
          0.003307226384410722,
          -0.0002768185165376025
        ],
        [
          0.0029711172152738774,
          -0.9292820846657699,
          -0.369358876408479
        ]
      ],
      "t_base_tcp": [
        -0.11707913218304411,
        -0.15365356236899258,
        0.8331543503445765
      ],
      "R_cam_tag": [
        [
          0.9877096349561034,
          0.060419549596590426,
          0.14414976601238844
        ],
        [
          -0.053469523530698095,
          -0.7360033046928626,
          0.6748630568749378
        ],
        [
          0.14686962609158272,
          -0.6742763628570488,
          -0.723726950875804
        ]
      ],
      "t_cam_tag": [
        0.45117270737128573,
        0.06947663401745309,
        0.5097372163767498
      ],
      "corners_avg_px": [
        [
          1192.8499633789063,
          370.7336059570313
        ],
        [
          1057.8431396484375,
          380.006820678711
        ],
        [
          972.7758422851563,
          474.97057189941404
        ],
        [
          1087.2318603515625,
          463.60667419433594
        ]
      ]
    },
    {
      "joints": [
        0.0004,
        -0.9375,
        2.7285,
        -3.14,
        1.5676,
        0.0
      ],
      "R_base_tcp": [
        [
          0.0004487406678715944,
          -0.22041955944505165,
          -0.9754050525017095
        ],
        [
          0.9999950370034224,
          0.003140642906473756,
          -0.0002496610863572668
        ],
        [
          0.0031184291457436175,
          -0.9754000995366894,
          0.22041987483772774
        ]
      ],
      "t_base_tcp": [
        -0.02757243500679442,
        -0.15362569710331336,
        0.5714606939912161
      ],
      "R_cam_tag": [
        [
          0.9878712038739265,
          -0.030409668251669818,
          0.15226863312416625
        ],
        [
          -0.05210782041190332,
          -0.9886933561902415,
          0.14060662316262762
        ],
        [
          0.14627118516166945,
          -0.14683562068551254,
          -0.9782862775738504
        ]
      ],
      "t_cam_tag": [
        0.43499522665164164,
        0.2965890611578109,
        0.713782965420941
      ],
      "corners_avg_px": [
        [
          988.4181518554688,
          510.25582275390633
        ],
        [
          894.3431579589844,
          520.5148254394531
        ],
        [
          889.6580017089843,
          617.5444396972655
        ],
        [
          981.01044921875,
          604.6102355957031
        ]
      ]
    },
    {
      "joints": [
        0.21956483884477068,
        -0.9741729361487685,
        2.6436587519468295,
        -2.9426319709406363,
        1.2429418783101198,
        0.4756223516367559
      ],
      "R_base_tcp": [
        [
          0.32604628037119077,
          -0.34138732205036865,
          -0.8815602755338905
        ],
        [
          0.9350428227397254,
          0.2538109928923056,
          0.24753767295090384
        ],
        [
          0.1392434655523822,
          -0.9050053459678016,
          0.40196589540738725
        ]
      ],
      "t_base_tcp": [
        0.021326932393553478,
        -0.19030189536555162,
        0.6218391954430733
      ],
      "R_cam_tag": [
        [
          0.9739866264904854,
          0.1991570399184726,
          -0.10810423150180332
        ],
        [
          0.19448280695505965,
          -0.9795111438127363,
          -0.05229107902449434
        ],
        [
          -0.11630343596198944,
          0.02990639726842434,
          -0.9927633747202091
        ]
      ],
      "t_cam_tag": [
        0.4523547227989262,
        0.19901321088297816,
        0.7547329623435131
      ],
      "corners_avg_px": [
        [
          994.2553161621094,
          451.9219085693359
        ],
        [
          892.7365600585938,
          431.108837890625
        ],
        [
          874.7345520019531,
          526.2582092285156
        ],
        [
          976.85947265625,
          549.3215148925781
        ]
      ]
    },
    {
      "joints": [
        0.20931176159228243,
        -0.7658614168338278,
        2.2053681796053275,
        -3.189614062104433,
        1.4642384193860651,
        0.4267649888486018
      ],
      "R_base_tcp": [
        [
          0.20151568293529254,
          0.10226397446257318,
          -0.9741321825390232
        ],
        [
          0.9680936450515499,
          0.13044392498147495,
          0.21396045626758026
        ],
        [
          0.14895007197690907,
          -0.9861675628221329,
          -0.07271460716752909
        ]
      ],
      "t_base_tcp": [
        0.04300673965602091,
        -0.16007258027168303,
        0.8101997077326674
      ],
      "R_cam_tag": [
        [
          0.9879949404950555,
          0.14275500456406726,
          -0.0590508783007083
        ],
        [
          0.15424670121680467,
          -0.8902762458272893,
          0.4285045638956507
        ],
        [
          0.008599576728288545,
          -0.4324687442897823,
          -0.9016079150564913
        ]
      ],
      "t_cam_tag": [
        0.4118926889151717,
        0.005594965180292507,
        0.6921620931969052
      ],
      "corners_avg_px": [
        [
          1009.0659423828125,
          323.1066070556641
        ],
        [
          899.4404907226562,
          305.87025146484376
        ],
        [
          861.7042297363281,
          401.18130798339837
        ],
        [
          961.535107421875,
          416.8198669433594
        ]
      ]
    },
    {
      "joints": [
        0.11549209606453163,
        -0.743843032037502,
        2.3945485192963987,
        -3.412761278215223,
        1.611267829612668,
        -0.4361827438958247
      ],
      "R_base_tcp": [
        [
          -0.5254753143490656,
          -0.07786580288435113,
          -0.8472382255014979
        ],
        [
          0.8508076570994443,
          -0.04975668018378898,
          -0.5231162427205288
        ],
        [
          -0.0014228951844796334,
          -0.9957214417286916,
          0.09239472848074393
        ]
      ],
      "t_base_tcp": [
        0.0620877548825659,
        -0.1423851254213428,
        0.7250637710214143
      ],
      "R_cam_tag": [
        [
          0.7587316546155304,
          -0.06020240759677553,
          0.64861540715892
        ],
        [
          -0.23374690943032894,
          -0.9545680078867047,
          0.18483046461819444
        ],
        [
          0.6080202781290681,
          -0.2918485710754119,
          -0.7383330907829412
        ]
      ],
      "t_cam_tag": [
        0.44215384970020977,
        0.08028712123837611,
        0.7660966802869382
      ],
      "corners_avg_px": [
        [
          947.2453063964844,
          354.47718200683596
        ],
        [
          907.397607421875,
          378.4438812255859
        ],
        [
          897.6242553710938,
          471.9417388916016
        ],
        [
          936.3969665527344,
          439.1173492431641
        ]
      ]
    },
    {
      "joints": [
        0.26250493759406573,
        -0.8585013605267611,
        2.5833526440512244,
        -3.2854740318701317,
        1.9441584195159227,
        0.3931211213221977
      ],
      "R_base_tcp": [
        [
          0.09161670554626444,
          -0.045644331437993735,
          -0.9947476937758779
        ],
        [
          0.9151459328256452,
          -0.3899582443082532,
          0.10217871269841128
        ],
        [
          -0.39257394322283906,
          -0.9197005831810716,
          0.006044534627898224
        ]
      ],
      "t_base_tcp": [
        0.028338439089254472,
        -0.10752077423460306,
        0.6324168145558038
      ],
      "R_cam_tag": [
        [
          0.9144101583342423,
          -0.4034915542864557,
          0.03238252545193757
        ],
        [
          -0.3872084187336879,
          -0.8485726299851942,
          0.3605469901438197
        ],
        [
          -0.1179987406581201,
          -0.3422266168191929,
          -0.9321787596505227
        ]
      ],
      "t_cam_tag": [
        0.3616504053823209,
        0.22021768224723315,
        0.7505478229837813
      ],
      "corners_avg_px": [
        [
          914.5416748046875,
          446.8458190917969
        ],
        [
          815.2057983398438,
          484.5182800292969
        ],
        [
          842.8572326660156,
          555.0713745117188
        ],
        [
          933.7642944335937,
          523.5950744628906
        ]
      ]
    },
    {
      "joints": [
        0.22310679765900948,
        -1.1207167752888194,
        2.4085326022362206,
        -3.5961962342127713,
        1.2910315936540384,
        0.18304895324245463
      ],
      "R_base_tcp": [
        [
          -0.11222763233267097,
          0.19980445622041665,
          -0.9733874551356549
        ],
        [
          0.9436047251936759,
          0.3284795770396458,
          -0.04136774178055941
        ],
        [
          0.311472440407126,
          -0.9231356058252327,
          -0.22540091420513475
        ]
      ],
      "t_base_tcp": [
        -0.10419205649847042,
        -0.21342115129212935,
        0.6945737896519755
      ],
      "R_cam_tag": [
        [
          0.9146098594970864,
          0.35579132726244056,
          0.19209720548605025
        ],
        [
          0.19802454587707308,
          -0.8083649204137975,
          0.5543757161660077
        ],
        [
          0.35252671408121383,
          -0.46899753399055927,
          -0.8097939422901831
        ]
      ],
      "t_cam_tag": [
        0.525719285708807,
        0.21256259900419583,
        0.5907970560210585
      ],
      "corners_avg_px": [
        [
          1163.5277954101562,
          500.6142822265625
        ],
        [
          1088.5591552734375,
          487.0867156982422
        ],
        [
          992.3243774414062,
          571.4479187011718
        ],
        [
          1066.8556884765626,
          576.6148864746094
        ]
      ]
    },
    {
      "joints": [
        0.1962097247262537,
        -0.656994160539474,
        2.323995214882891,
        -3.2695402939651315,
        1.5432446490206464,
        -0.3105286409157143
      ],
      "R_base_tcp": [
        [
          -0.4810487818499687,
          -0.1033838930274063,
          -0.8705767284640447
        ],
        [
          0.8748618680608142,
          0.00755347664675865,
          -0.4843135934533423
        ],
        [
          0.0566461057249637,
          -0.9946128471184377,
          0.08681303504170068
        ]
      ],
      "t_base_tcp": [
        0.1162421173847324,
        -0.1363952162589538,
        0.7519117892481408
      ],
      "R_cam_tag": [
        [
          0.7885087191513949,
          -0.0077760826526751675,
          0.6149744160213537
        ],
        [
          -0.16593761067338147,
          -0.9655273318022073,
          0.2005534365372973
        ],
        [
          0.5922150869289262,
          -0.26018551858527644,
          -0.7626170642808062
        ]
      ],
      "t_cam_tag": [
        0.42071305127318837,
        0.02589137656028634,
        0.8123765210122965
      ],
      "corners_avg_px": [
        [
          920.8704833984375,
          325.4494171142578
        ],
        [
          876.6520446777344,
          337.6541442871094
        ],
        [
          865.6635498046875,
          429.01276245117185
        ],
        [
          909.0005859375,
          408.06935424804686
        ]
      ]
    },
    {
      "joints": [
        -0.2956627957316227,
        -0.9520770442644397,
        2.2646456094305307,
        -2.9701860053174896,
        1.5173215350978646,
        0.33267819605783744
      ],
      "R_base_tcp": [
        [
          0.5821337854136144,
          0.09833297296869653,
          -0.8071250722825762
        ],
        [
          0.8092825709349221,
          0.025918023036615834,
          0.5868474899518926
        ],
        [
          0.07862554458303711,
          -0.9948160043490512,
          -0.0644914043110385
        ]
      ],
      "t_base_tcp": [
        -0.11893008733824692,
        -0.13041082053410422,
        0.8006894288766048
      ],
      "R_cam_tag": [
        [
          0.889045028753672,
          0.040124522308312635,
          -0.45605806599369814
        ],
        [
          0.23581888292062925,
          -0.8939721573869702,
          0.38105542415107096
        ],
        [
          -0.39241354628306235,
          -0.4463225341907081,
          -0.8042436223975512
        ]
      ],
      "t_cam_tag": [
        0.37692483771302593,
        0.08760125102236689,
        0.5111670002939688
      ],
      "corners_avg_px": [
        [
          1128.8769287109376,
          401.8576721191406
        ],
        [
          943.0682312011719,
          362.75978088378906
        ],
        [
          902.6381103515625,
          477.07799072265624
        ],
        [
          1059.5744018554688,
          524.12685546875
        ]
      ]
    },
    {
      "joints": [
        0.16061208160179935,
        -1.0500800151707754,
        2.627855880837121,
        -2.835235642503198,
        1.4775827032241398,
        -0.2116718960697559
      ],
      "R_base_tcp": [
        [
          -0.325169865307783,
          -0.3178521664001793,
          -0.8906371646245348
        ],
        [
          0.9334669387648643,
          0.042840083303880006,
          -0.3560957757338179
        ],
        [
          0.15134078408899287,
          -0.9471719630443192,
          0.28277418463165893
        ]
      ],
      "t_base_tcp": [
        -0.011855903763783966,
        -0.16803754889212033,
        0.6411046683062351
      ],
      "R_cam_tag": [
        [
          0.8703296246428731,
          -0.005612076906007573,
          0.4924376600766809
        ],
        [
          -0.023848171003866853,
          -0.9992422212809883,
          0.0307611434964112
        ],
        [
          0.49189186739441626,
          -0.03851607199906986,
          -0.8698039451445346
        ]
      ],
      "t_cam_tag": [
        0.47525909388626303,
        0.19849508420969567,
        0.7109771050683911
      ],
      "corners_avg_px": [
        [
          995.7579833984375,
          440.17582092285164
        ],
        [
          939.3817443847656,
          451.64299926757815
        ],
        [
          937.485693359375,
          559.4657104492187
        ],
        [
          993.5199462890625,
          537.5633972167968
        ]
      ]
    },
    {
      "joints": [
        0.14639640317998043,
        -1.153648509834414,
