{
  "method": "DIRECT_KNOWN_TCP_TAG_AVERAGE",
  "num_poses": 36,
  "num_attempted": 40,
  "num_skipped": 4,
  "skip_rate": 0.1,
  "tag_size_m": 0.12,
  "config": {
    "num_poses": 40,
    "min_valid_poses": 10,
    "ready_settle_s": 1.0,
    "settling_time_s": 1.5,
    "detection_timeout_s": 2.0,
    "samples_per_pose": 10,
    "safe_delta_per_joint": {
      "base": 0.4,
      "shoulder": 0.3,
      "elbow": 0.3,
      "wrist1": 0.5,
      "wrist2": 0.4,
      "wrist3": 0.5
    }
  },
  "T_cam_to_base": {
    "translation": [
      0.18376681247451754,
      0.7602284927497815,
      0.838058140925339
    ],
    "rotation_xyzw": [
      -0.5362675499467925,
      0.6261447216922161,
      -0.4295416800014433,
      -0.3685835692384827
    ]
  },
  "ground_truth_T_cam_to_base": {
    "translation": [
      0.18041404573219325,
      0.7589429163645324,
      0.8347348273221745
    ],
    "rotation_xyzw": [
      -0.5362126233398713,
      0.6265018657327951,
      -0.4297485208739162,
      -0.36781468650800386
    ]
  },
  "accuracy": {
    "translation_error_mm": 4.892664384129008,
    "rotation_error_deg": 0.100196060329991
  },
  "skipped_poses": [
    {
      "pose_index": 8,
      "reason": "no detection within timeout (\uc2dc\uc57c \ubc16 / \ucda9\ub3cc / \uac00\ub9bc)"
    },
    {
      "pose_index": 29,
      "reason": "no detection within timeout (\uc2dc\uc57c \ubc16 / \ucda9\ub3cc / \uac00\ub9bc)"
    },
    {
      "pose_index": 32,
      "reason": "no detection within timeout (\uc2dc\uc57c \ubc16 / \ucda9\ub3cc / \uac00\ub9bc)"
    },
    {
      "pose_index": 39,
      "reason": "no detection within timeout (\uc2dc\uc57c \ubc16 / \ucda9\ub3cc / \uac00\ub9bc)"
    }
  ],
  "poses_used": [
    {
      "joints": [
        0.0004,
        -0.9375,
        2.4285,
        -3.64,
        1.5676,
        0.0
      ],
      "R_base_tcp": [
        [
          -0.0005278804129829062,
          0.07759895475279899,
          -0.9969845152075045
        ],
        [
          0.9999947806976269,
          0.003218814811138171,
          -0.00027894213870544027
        ],
        [
          0.0031874629056252712,
          -0.9969794588919496,
          -0.07760024888968209
        ]
      ],
      "t_base_tcp": [
        -0.05240353644523521,
        -0.1536334010531839,
        0.708999246250159
      ],
      "R_cam_tag": [
        [
          -0.9879654329832596,
          -0.014857360287770762,
          0.15395961183206264
        ],
        [
          0.05297986265372771,
          0.9026593687340925,
          0.42708219137510506
        ],
        [
          -0.14531840001662616,
          0.430099201210429,
          -0.8910091131603305
        ]
      ],
      "t_cam_tag": [
        0.35114742274498567,
        0.13384939496728332,
        0.5021123563226774
      ],
      "corners_avg_px": [
        [
          1056.1399658203125,
          437.3791259765625
        ],
        [
          947.1700927734375,
          446.9702545166016
        ],
        [
          915.0449096679688,
          540.6644287109375
        ],
        [
          1014.3955078125,
          529.0249938964844
        ]
      ]
    },
    {
      "joints": [
        0.0004,
        -0.9375,
        2.4285,
        -3.39,
        1.5676,
        0.0
      ],
      "R_base_tcp": [
        [
          -0.0005278235401551257,
          0.07759735605204227,
          -0.9969846396690589
        ],
        [
          0.9999947809512797,
          0.003218740001853959,
          -0.00027889604352138164
        ],
        [
          0.003187392745346296,
          -0.9969795835655479,
          -0.07759864999440325
        ]
      ],
      "t_base_tcp": [
        -0.0524033986094944,
        -0.15363340105318402,
        0.7089994846687382
      ],
      "R_cam_tag": [
        [
          -0.9879800339001535,
          -0.015004092108356317,
          0.15385164878757634
        ],
        [
          0.05279632734830883,
          0.9026755203924756,
          0.42707078184149255
        ],
        [
          -0.14528592648010336,
          0.4300602075339887,
          -0.8910332302796796
        ]
      ],
      "t_cam_tag": [
        0.35113122837159866,
        0.1338419372766537,
        0.5020897733891218
      ],
      "corners_avg_px": [
        [
          1056.1739135742187,
          437.38067932128905
        ],
        [
          947.1504028320312,
          446.9533660888672
        ],
        [
          915.0636596679688,
          540.6530578613281
        ],
        [
          1014.3627746582031,
          529.0454833984375
        ]
      ]
    },
    {
      "joints": [
        0.0004,
        -0.9375,
        2.4285,
        -2.89,
        1.5676,
        0.0
      ],
      "R_base_tcp": [
        [
          0.0002677975346181416,
          -0.17143792999876367,
          -0.98519488652866
        ],
        [
          0.9999950036221945,
          0.003149042330785834,
          -0.0002761576473732652
        ],
        [
          0.003149764297171509,
          -0.9851898901684577,
          0.17143791673586772
        ]
      ],
      "t_base_tcp": [
        -0.02229764204208444,
        -0.15362498190712193,
        0.7368008195573502
      ],
      "R_cam_tag": [
        [
          -0.9879751055021346,
          0.02321840383875934,
          0.15285972861164723
        ],
        [
          0.05248543122235401,
          0.9803172959621381,
          0.19032414126138908
        ],
        [
          -0.1454320130420043,
          0.19605842231503834,
          -0.9697477118415327
        ]
      ],
      "t_cam_tag": [
        0.3468391827455132,
        0.08290042888489998,
        0.5158513041982551
      ],
      "corners_avg_px": [
        [
          1027.248095703125,
          380.04896850585936
        ],
        [
          923.4510803222656,
          386.9563385009766
        ],
        [
          913.2378234863281,
          497.0044616699218
        ],
        [
          1012.8093017578125,
          486.74985656738284
        ]
      ]
    },
    {
      "joints": [
        0.0004,
        -0.9375,
        2.4285,
        -2.64,
        1.5676,
        0.0
      ],
      "R_base_tcp": [
        [
          0.0010293529427014558,
          -0.4099201379020923,
          -0.9121208368274726
        ],
        [
          0.9999952205432887,
          0.0030811142210414033,
          -0.00025617520617166045
        ],
        [
          0.0029153598574982453,
          -0.9121162136907153,
          0.40992135026052834
        ]
      ],
      "t_base_tcp": [
        0.01377310058242483,
        -0.15361474481640308,
        0.7562968432490363
      ],
      "R_cam_tag": [
        [
          -0.988005173487427,
          0.059955674294008096,
          0.14230633957075983
        ],
        [
          0.05206181345919424,
          0.9969252047518046,
          -0.05856367227140474
        ],
        [
          -0.14538000117422495,
          -0.05045248507777646,
          -0.988088661005711
        ]
      ],
      "t_cam_tag": [
        0.341531148317034,
        0.036874749393172195,
        0.5427459517140278
      ],
      "corners_avg_px": [
        [
          991.4908508300781,
          336.9337585449219
        ],
        [
          894.5856140136718,
          341.8959991455078
        ],
        [
          904.1396911621093,
          452.2311950683594
        ],
        [
          1001.8053344726562,
          443.7123626708984
        ]
      ]
    },
    {
      "joints": [
        0.0004,
        -0.9375,
        2.4285,
        -3.14,
        1.1676000000000002,
        0.0
      ],
      "R_base_tcp": [
        [
          -0.030704793327197333,
          0.07126459285975334,
          -0.9969847408417384
        ],
        [
          0.9197905479702839,
          0.3924095700049166,
          -0.0002779084049287506
        ],
        [
          0.39120654842584035,
          -0.9170256742169711,
          -0.07759735366396714
        ]
      ],
      "t_base_tcp": [
        -0.051672723886252464,
        -0.19850693668295077,
        0.6997798381994643
      ],
      "R_cam_tag": [
        [
          -0.9038938062898696,
          -0.39863544183265415,
          0.15513146510523362
        ],
        [
          -0.302580975431134,
          0.8522022990643159,
          0.42684422776539654
        ],
        [
          -0.30235862854887274,
          0.33888202369612175,
          -0.8909198806613678
        ]
      ],
      "t_cam_tag": [
        0.3952661511781346,
        0.13957678936186066,
        0.5122011191551549
      ],
      "corners_avg_px": [
        [
          1095.5252319335937,
          462.5172180175781
        ],
        [
          1017.9447875976563,
          432.82562255859375
        ],
        [
          942.5653869628907,
          524.5717956542969
        ],
        [
          1019.1191772460937,
          546.1447021484375
        ]
      ]
    },
    {
      "joints": [
        0.0004,
        -0.9375,
        2.4285,
        -3.14,
        1.3676000000000001,
        0.0
      ],
      "R_base_tcp": [
        [
          -0.01593391851145798,
          0.07594455235603614,
          -0.996984721652399
        ],
        [
          0.9794187696848594,
          0.20183853980103295,
          -0.00027828040424304756
        ],
        [
          0.20120880654153,
          -0.9764699835726791,
          -0.07759759887847761
        ]
      ],
      "t_base_tcp": [
        -0.05221267491967499,
        -0.17653417612729114,
        0.7066346107745766
      ],
      "R_cam_tag": [
        [
          -0.9652357758193307,
          -0.21104045982009648,
          0.15421355776122686
        ],
        [
          -0.12755579700989608,
          0.8952942031962798,
          0.42682292390675136
        ],
        [
          -0.22814341044093994,
          0.3923139228246437,
          -0.8910894288623988
        ]
      ],
      "t_cam_tag": [
        0.3739281198462299,
        0.13466599721354375,
        0.5064969454634828
      ],
      "corners_avg_px": [
        [
          1079.1712524414063,
          447.5201904296875
        ],
        [
          983.6451416015625,
          436.6459594726563
        ],
        [
          928.2898498535156,
          531.7313781738281
        ],
        [
          1018.2486022949219,
          536.9238159179688
        ]
      ]
    },
    {
      "joints": [
        0.0004,
        -0.9375,
        2.4285,
        -3.14,
        1.7676,
        0.0
      ],
      "R_base_tcp": [
        [
          0.014899443746085206,
          0.07615485158093133,
          -0.9969846764904382
        ],
        [
          0.9806978185903854,
          -0.19552930852917894,
          -0.00027949626241663417
        ],
        [
          -0.19496100940474426,
          -0.9777365330633747,
          -0.0775981747536354
        ]
      ],
      "t_base_tcp": [
        -0.05223710909889143,
        -0.1307177099150711,
        0.7067807017753966
      ],
      "R_cam_tag": [
        [
          -0.9712974285606318,
          0.18127890102164188,
          0.15401060131007505
        ],
        [
          0.2308940098289717,
          0.8741538499543363,
          0.4272505153128671
        ],
        [
          -0.057177456192137745,
          0.45054745216724684,
          -0.890919598981299
        ]
      ],
      "t_cam_tag": [
        0.32829250714641994,
        0.1370755512995949,
        0.4995593672359289
      ],
      "corners_avg_px": [
        [
          1027.3426147460937,
          432.9482696533203
        ],
        [
          911.01064453125,
          463.0120361328125
        ],
        [
          903.5029968261719,
          550.7354797363281
        ],
        [
          1007.8823791503906,
          522.6464965820312
        ]
      ]
    },
    {
      "joints": [
        0.0004,
        -0.9375,
        2.4285,
        -3.14,
        1.9676,
        0.0
      ],
      "R_base_tcp": [
        [
          0.029732588401735982,
          0.07167646205909933,
          -0.9969846829182603
        ],
        [
          0.9222974279943665,
          -0.3864807574034739,
          -0.00028012820944073313
        ],
        [
          -0.385335473972887,
          -0.9195080798685393,
          -0.07759808988991201
        ]
      ],
      "t_base_tcp": [
        -0.05172048210816981,
        -0.1087009983795831,
        0.7000655828988118
      ],
      "R_cam_tag": [
        [
          -0.9158455937318162,
          0.37079453294931364,
          0.15407226478804475
        ],
        [
          0.4000973053231236,
          0.8103284308616412,
          0.42812379098864106
        ],
        [
          0.033896824559127174,
          0.45373918551543546,
          -0.8904896163418173
        ]
      ],
      "t_cam_tag": [
        0.3059953062143306,
        0.14435442414948133,
        0.49886885486865956
      ],
      "corners_avg_px": [
        [
          993.901123046875,
          434.9608917236328
        ],
        [
          876.98203125,
          484.0192535400391
        ],
        [
          893.9303955078125,
          561.60302734375
        ],
        [
          998.7584045410156,
          518.187939453125
        ]
      ]
    },
    {
      "joints": [
        0.0004,
        -0.9375,
        2.4285,
        -3.14,
        1.5676,
        -0.25
      ],
      "R_base_tcp": [
        [
          -0.24716947428838498,
          0.07759615672762837,
          -0.9658602836027086
        ],
        [
          0.9688383417141275,
          0.0032187787468549445,
          -0.24767298417065614
        ],
        [
          -0.016109581143613994,
          -0.9969796767860817,
          -0.07597371565809574
        ]
      ],
      "t_base_tcp": [
        -0.05240334645543042,
        -0.15363337125086168,
        0.7089996634826725
      ],
      "R_cam_tag": [
        [
          -0.9188202897621311,
          -0.01597003424618422,
          0.3943529296551634
        ],
        [
          0.1562156465024661,
          0.902865910897948,
          0.4005369130632473
        ],
        [
          -0.36244440526686444,
          0.429625540377425,
          -0.8270767486431683
        ]
      ],
      "t_cam_tag": [
        0.36588466814696846,
        0.13233006341182776,
        0.5063599300294901
      ],
      "corners_avg_px": [
        [
          1052.154345703125,
          427.2238739013672
        ],
        [
          973.3575134277344,
          453.57764892578126
        ],
        [
          937.7957702636719,
          548.3355651855469
        ],
        [
          1012.1442810058594,
          516.8713623046875
        ]
      ]
    },
    {
      "joints": [
        0.0004,
        -0.9375,
        2.4285,
        -3.14,
        1.5676,
        0.25
      ],
      "R_base_tcp": [
        [
          0.2461461079009326,
          0.07759562345992077,
          -0.9661216345704554
        ],
        [
          0.9689764755011826,
          0.003219092659412892,
          0.24713200393262708
        ],
        [
          0.02228639698399748,
          -0.9969797172772956,
          -0.07439596660542414
        ]
      ],
      "t_base_tcp": [
        -0.05240323842201184,
        -0.1536334308555065,
        0.7089997230873175
      ],
      "R_cam_tag": [
        [
          -0.9952201325991339,
          -0.013869427326294093,
          -0.09666709189276
        ],
        [
          -0.054108462318527825,
          0.9023475231858942,
          0.4275993705629214
        ],
        [
          0.08129675254822367,
          0.4307860099700579,
          -0.8987848750614299
        ]
      ],
      "t_cam_tag": [
        0.3364058780348664,
        0.13394998603271585,
        0.5020415630111207
      ],
      "corners_avg_px": [
        [
          1053.2596069335937,
          446.48499755859376
        ],
        [
          923.0430480957032,
          438.0680297851562
        ],
        [
          894.0819213867187,
          530.2565551757813
        ],
        [
          1010.827001953125,
          539.4878662109375
        ]
      ]
    },
    {
      "joints": [
        0.0004,
        -0.9375,
        2.4285,
        -3.14,
        1.5676,
        0.5
      ],
      "R_base_tcp": [
        [
          0.4775169025860577,
          0.07759596474127939,
          -0.875189393217541
        ],
        [
          0.8777115923571414,
          0.0032190630083338556,
          0.4791784618231911
        ],
        [
          0.03999960482940551,
          -0.99697969081081,
          -0.06656972077658807
        ]
      ],
      "t_base_tcp": [
        -0.052403353906011085,
        -0.1536334010531841,
        0.7089997230873173
      ],
      "R_cam_tag": [
        [
          -0.9404731578356998,
          -0.01416251942028203,
          -0.3395727645648527
        ],
        [
          -0.15830668727713965,
          0.9023816375341454,
          0.4008071518879525
        ],
        [
          0.30074778827762755,
          0.4307050072669976,
          -0.8509077297576105
        ]
      ],
      "t_cam_tag": [
        0.32166528097059677,
        0.13226441278238643,
        0.5047667392128967
      ],
      "corners_avg_px": [
        [
          1043.42880859375,
          453.31837463378906
        ],
        [
          902.71064453125,
          427.71613159179685
        ],
        [
          876.4423828125,
          518.2429321289062
        ],
        [
          1001.1372497558593,
          547.5052062988282
        ]
      ]
    },
    {
      "joints": [
        -0.3996,
        -0.9375,
        2.4285,
        -3.14,
        1.5676,
        0.0
      ],
      "R_base_tcp": [
        [
          0.38892985660025736,
          0.07272448916243929,
          -0.9183924625784805
        ],
        [
          0.9212618556346344,
          -0.02725270469948704,
          0.38798696297581065
        ],
        [
          0.0031874751032160975,
          -0.9969796581488637,
          -0.07759768836661052
        ]
      ],
      "t_base_tcp": [
        -0.10809436515603006,
        -0.12109886135362964,
        0.708999663437658
      ],
      "R_cam_tag": [
        [
          -0.9702617940469886,
          0.016311038428051018,
          -0.24150776599959944
        ],
        [
          -0.0897517764365065,
          0.902364922696565,
          0.4215236231972219
        ],
        [
          0.22480362461314984,
          0.43066401789819964,
          -0.8740662641061998
        ]
      ],
      "t_cam_tag": [
        0.3033150826127839,
        0.15496769486452608,
        0.44633474580097515
      ],
      "corners_avg_px": [
        [
          1074.689208984375,
          488.0058654785157
        ],
        [
          915.9814147949219,
          467.9337982177734
        ],
        [
          888.6552368164063,
          565.7976135253906
        ],
        [
          1027.7413452148437,
          589.486328125
        ]
      ]
    },
    {
      "joints": [
        0.40040000000000003,
        -0.9375,
        2.4285,
        -3.14,
        1.5676,
        0.0
      ],
      "R_base_tcp": [
        [
          -0.38990280129530475,
          0.07021696544795103,
          -0.9181750286875352
        ],
        [
          0.920850501927714,
          0.03318174601537993,
          -0.3885013833062228
        ],
        [
          0.003187262391480039,
          -0.9969797136826068,
          -0.0775969835998529
        ]
      ],
      "t_base_tcp": [
        0.011561069817507905,
        -0.16191238190435747,
        0.7089996039402059
      ],
      "R_cam_tag": [
        [
          -0.8495174601255252,
          -0.043532503692490676,
          0.5257613584737276
        ],
        [
          0.1862674038078597,
          0.9076549052624422,
          0.3761210273724494
        ],
        [
          -0.49358336602903863,
          0.41745358313864117,
          -0.7629600033449679
        ]
      ],
      "t_cam_tag": [
        0.37363328792020856,
        0.10799329069601518,
        0.573040147987397
      ],
      "corners_avg_px": [
        [
          1002.9125793457031,
          395.98907775878905
        ],
        [
          947.8849487304688,
          421.24547424316404
        ],
        [
          916.2457397460937,
          509.87023010253904
        ],
        [
          969.865966796875,
          478.24346313476565
        ]
      ]
    },
    {
      "joints": [
        0.0004,
        -1.2375,
        2.4285,
        -3.14,
        1.5676,
        0.0
      ],
      "R_base_tcp": [
        [
          -0.0015234604953597852,
          0.3704954275652657,
          -0.928833040552149
        ],
        [
          0.9999944279149278,
          0.0033234346002888326,
          -0.00031451797097492573
        ],
        [
          0.0029703883947291843,
          -0.9288283441711329,
          -0.37049842625454676
        ]
      ],
      "t_base_tcp": [
        -0.2021852142778839,
        -0.1536872836381691,
        0.6704262194404547
      ],
      "R_cam_tag": [
        [
          -0.987652348512961,
          -0.061428674991297554,
          0.14411577417356447
        ],
        [
          0.052890829106043015,
          0.7351586086848321,
          0.6758286619203547
        ],
        [
          -0.14746321125388412,
          0.6751061679213094,
          -0.7228321128459201
        ]
      ],
      "t_cam_tag": [
        0.3737526965253669,
        0.2385759524635373,
        0.3874958010712566
      ],
      "corners_avg_px": [
        [
          1242.1516967773437,
          623.7581848144531
        ],
        [
          1101.7136352539062,
          646.8068359375
        ],
        [
          1003.8152648925782,
          694.608203125
        ],
        [
          1122.2357299804687,
          673.9660583496094
        ]
      ]
    },
    {
      "joints": [
        0.0004,
        -0.6375,
        2.4285,
        -3.14,
        1.5676,
        0.0
      ],
      "R_base_tcp": [
        [
          0.0004780446792400639,
          -0.22227031250996554,
          -0.9749849638071384
        ],
        [
          0.9999950370727463,
          0.0031424065936931367,
          -0.0002260767058537838
        ],
        [
          0.003114049319080714,
          -0.9749800169529232,
          0.22227071160932588
        ]
      ],
      "t_base_tcp": [
        0.10218391493100777,
        -0.15359464313020618,
        0.7014673054706068
      ],
      "R_cam_tag": [
        [
          -0.987943816566665,
          0.030162575285823938,
          0.15184608773300343
        ],
        [
          0.05151428135867602,
          0.9889922378361892,
          0.13871060635678079
        ],
        [
          -0.14599073300655466,
          0.14486052792908644,
          -0.9786225693924677
        ]
      ],
      "t_cam_tag": [
        0.32845709090004704,
        0.06866082612700183,
        0.645719782741005
      ],
      "corners_avg_px": [
        [
          933.2296203613281,
          364.7262268066406
        ],
        [
          848.8044067382813,
          369.6986602783203
        ],
        [
          845.9505126953125,
          459.6169860839844
        ],
        [
          928.2062866210938,
          452.4272216796875
        ]
      ]
    },
    {
      "joints": [
        0.0004,
        -0.9375,
        2.1285000000000003,
        -3.14,
        1.5676,
        0.0
      ],
      "R_base_tcp": [
        [
          -0.0014784762023067888,
          0.3693583252744497,
          -0.9292858772512221
        ],
        [
          0.9999944935256464,
          0.003307029068727374,
          -0.00027654497818935253
        ],
        [
          0.002971031219220821,
          -0.9292811690275409,
          -0.36936118077608304
        ]
      ],
      "t_base_tcp": [
        -0.11708033917710085,
        -0.1536535325666702,
        0.83315440994922
      ],
      "R_cam_tag": [
        [
          -0.9876533916938846,
          -0.06096526472289102,
          0.1443052818604886
        ],
        [
          0.053163702691837754,
          0.736057540920355,
          0.6748280648953288
        ],
        [
          -0.14735806252682995,
          0.6741680302057848,
          -0.7237285875635915
        ]
      ],
      "t_cam_tag": [
        0.36082287383455197,
        0.05556519100663608,
        0.40766693755270206
      ],
      "corners_avg_px": [
        [
          1192.8554565429688,
          370.7309967041016
        ],
        [
          1057.9154174804687,
          379.9685089111328
        ],
        [
          972.7182739257812,
          474.97206420898436
        ],
        [
          1087.1827026367187,
          463.63855895996096
        ]
      ]
    },
    {
      "joints": [
        0.0004,
        -0.9375,
        2.7285,
        -3.14,
        1.5676,
        0.0
      ],
      "R_base_tcp": [
        [
          0.0004487787536222587,
          -0.22041930514351954,
          -0.9754051099505676
        ],
        [
          0.9999950372482951,
          0.003140569426739681,
          -0.00024960460209649815
        ],
        [
          0.003118345139951295,
          -0.9754001572399527,
          0.22041962067806986
        ]
      ],
      "t_base_tcp": [
        -0.02757239961653652,
        -0.15362568220215217,
        0.5714606343865714
      ],
      "R_cam_tag": [
        [
          -0.9878772371272135,
          0.030405388134227683,
          0.1522303410569325
        ],
        [
          0.05214349510038133,
          0.9886479364900356,
          0.14091243235680465
        ],
        [
          -0.14621771535836392,
          0.1471420063965471,
          -0.9782482351984996
        ]
      ],
      "t_cam_tag": [
        0.3480155109967534,
        0.23728499413821244,
        0.5710526875913601
      ],
      "corners_avg_px": [
        [
          988.4291320800781,
          510.26817321777344
        ],
        [
          894.3587219238282,
          520.5275390625
        ],
        [
          889.6486633300781,
          617.5352111816406
        ],
        [
          981.0067321777344,
          604.5985656738281
        ]
      ]
    },
    {
      "joints": [
        0.21956483884477068,
        -0.9741729361487685,
        2.6436587519468295,
        -2.9426319709406363,
        1.2429418783101198,
        0.4756223516367559
      ],
      "R_base_tcp": [
        [
          0.32604628037119077,
          -0.34138732205036865,
          -0.8815602755338905
        ],
        [
          0.9350428227397254,
          0.2538109928923056,
          0.24753767295090384
        ],
        [
          0.1392434655523822,
          -0.9050053459678016,
          0.40196589540738725
        ]
      ],
      "t_base_tcp": [
        0.021326932393553478,
        -0.19030189536555162,
        0.6218391954430733
      ],
      "R_cam_tag": [
        [
          -0.9739234821972861,
          -0.1988422685046668,
          -0.10924652434119046
        ],
        [
          -0.19405530767315576,
          0.9795612460666245,
          -0.052936780864337535
        ],
        [
          0.11753973110650366,
          -0.03035650606245766,
          -0.9926040973878211
        ]
      ],
      "t_cam_tag": [
        0.3620150311418084,
        0.1592653021286389,
        0.604010962366772
      ],
      "corners_avg_px": [
        [
          994.2612976074219,
          451.9255767822266
        ],
        [
          892.6614074707031,
          431.11865234375
        ],
        [
          874.7920166015625,
          526.2541015625
        ],
        [
          976.883935546875,
          549.3103454589843
        ]
      ]
    },
    {
      "joints": [
        0.20931176159228243,
        -0.7658614168338278,
        2.2053681796053275,
        -3.189614062104433,
        1.4642384193860651,
        0.4267649888486018
      ],
      "R_base_tcp": [
        [
          0.20151568293529254,
          0.10226397446257318,
          -0.9741321825390232
        ],
        [
          0.9680936450515499,
          0.13044392498147495,
          0.21396045626758026
        ],
        [
          0.14895007197690907,
          -0.9861675628221329,
          -0.07271460716752909
        ]
      ],
      "t_base_tcp": [
        0.04300673965602091,
        -0.16007258027168303,
        0.8101997077326674
      ],
      "R_cam_tag": [
        [
          -0.987991767553336,
          -0.1427990537588257,
          -0.05899743632072384
        ],
        [
          -0.15426669524690848,
          0.8904435700435761,
          0.42814954782838244
        ],
        [
          -0.008605462476318246,
          0.4321095680653634,
          -0.9017800547816156
        ]
      ],
      "t_cam_tag": [
        0.3294910486393104,
        0.0044670052677034475,
        0.5536041803957773
      ],
      "corners_avg_px": [
        [
          1009.1023254394531,
          323.0799896240234
        ],
        [
          899.4940002441406,
          305.84869995117185
        ],
        [
          861.7097961425782,
          401.18702087402346
        ],
        [
          961.6190612792968,
          416.83518371582034
        ]
      ]
    },
    {
      "joints": [
        0.11549209606453163,
        -0.743843032037502,
        2.3945485192963987,
        -3.412761278215223,
        1.611267829612668,
        -0.4361827438958247
      ],
      "R_base_tcp": [
        [
          -0.5254752322371008,
          -0.07786562778944889,
          -0.8472382925212483
        ],
        [
          0.8508077076269673,
          -0.04975669203822841,
          -0.5231161594139087
        ],
        [
          -0.0014230066444047562,
          -0.9957214548287929,
          0.09239458558661351
        ]
      ],
      "t_base_tcp": [
        0.062087728805533794,
        -0.14238515522366518,
        0.7250637710214143
      ],
      "R_cam_tag": [
        [
          -0.7587481821796223,
          0.06035281201767091,
          0.6485820951280404
        ],
        [
          0.234252311069101,
          0.9543657527849286,
          0.1852346206032815
        ],
        [
          -0.607805109223264,
          0.2924782863612548,
          -0.7382610657547097
        ]
      ],
      "t_cam_tag": [
        0.3535674330550793,
        0.06418469366470486,
        0.6125891207048088
      ],
      "corners_avg_px": [
        [
          947.2613647460937,
          354.4196441650391
        ],
        [
          907.4220764160157,
          378.4567077636719
        ],
        [
          897.5838989257812,
          471.96063537597655
        ],
        [
          936.4297973632813,
          439.08855895996095
        ]
      ]
    },
    {
      "joints": [
        0.26250493759406573,
        -0.8585013605267611,
        2.5833526440512244,
        -3.2854740318701317,
        1.9441584195159227,
        0.3931211213221977
      ],
      "R_base_tcp": [
        [
          0.09161684885633781,
          -0.045644011625581404,
          -0.9947476952515943
        ],
        [
          0.9151459698343631,
          -0.3899581559703038,
          0.10217871837209203
        ],
        [
          -0.3925738235052841,
          -0.9197006365089481,
          0.006044195850396061
        ]
      ],
      "t_base_tcp": [
        0.02833829939086832,
        -0.10752076678402248,
        0.632416754951159
      ],
      "R_cam_tag": [
        [
          -0.9079936983906602,
          0.4184785668980934,
          0.020570190319200328
        ],
        [
          0.3972887699664921,
          0.8443459387549478,
          0.35950183444113015
        ],
        [
          0.13307545581872665,
          0.3345977058423204,
          -0.9329176267515231
        ]
      ],
      "t_cam_tag": [
        0.29174711511889095,
        0.1773078152603506,
        0.6046443944580306
      ],
      "corners_avg_px": [
        [
          914.526708984375,
          446.81214904785156
        ],
        [
          814.1268798828125,
          484.9748199462891
        ],
        [
          845.512939453125,
          554.6263366699219
        ],
        [
          933.7116088867188,
          523.3830444335938
        ]
      ]
    },
    {
      "joints": [
        0.22310679765900948,
        -1.1207167752888194,
        2.4085326022362206,
        -3.5961962342127713,
        1.2910315936540384,
        0.18304895324245463
      ],
      "R_base_tcp": [
        [
          -0.11222763233267097,
          0.19980445622041665,
          -0.9733874551356549
        ],
        [
          0.9436047251936759,
          0.3284795770396458,
          -0.04136774178055941
        ],
        [
          0.311472440407126,
          -0.9231356058252327,
          -0.22540091420513475
        ]
      ],
      "t_base_tcp": [
        -0.10419205649847042,
        -0.21342115129212935,
        0.6945737896519755
      ],
      "R_cam_tag": [
        [
          -0.9148305973778912,
          -0.35525939453637195,
          0.19203057229217796
        ],
        [
          -0.19764833465965487,
          0.8085512506282602,
          0.5542382257781769
        ],
        [
          -0.3521648959045692,
          0.46907956436102266,
          -0.8099038513252034
        ]
      ],
      "t_cam_tag": [
        0.42068778455299005,
        0.17009355375331972,
        0.4727625890780565
      ],
      "corners_avg_px": [
        [
          1163.5295776367188,
          500.58168029785156
        ],
        [
          1088.4755615234376,
          487.11678466796866
        ],
        [
          992.3636962890625,
          571.450439453125
        ],
        [
          1066.8959350585938,
          576.6142883300781
        ]
      ]
    },
    {
      "joints": [
        0.1962097247262537,
        -0.656994160539474,
        2.323995214882891,
        -3.2695402939651315,
        1.5432446490206464,
        -0.3105286409157143
      ],
      "R_base_tcp": [
        [
          -0.481049109223572,
          -0.10338421739012349,
          -0.8705765090500894
        ],
        [
          0.8748616827527367,
          0.007553352133789493,
          -0.48431393013477664
        ],
        [
          0.056646187570379536,
          -0.9946128143484655,
          0.0868133570803864
        ]
      ],
      "t_base_tcp": [
        0.11624261657363227,
        -0.13639512685198663,
        0.7519119084574309
      ],
      "R_cam_tag": [
        [
          -0.788618312654213,
          0.008021077797124868,
          0.6148307240675229
        ],
        [
          0.16630385089962713,
          0.9654304985933764,
          0.20071617164966904
        ],
        [
          -0.5919663724590921,
          0.2605371656726105,
          -0.7626901069116513
        ]
      ],
      "t_cam_tag": [
        0.3365623132820122,
        0.020730849900666166,
        0.6498824472252218
      ],
      "corners_avg_px": [
        [
          920.8930358886719,
          325.47113342285155
        ],
        [
          876.6267333984376,
          337.6725708007813
        ],
        [
          865.6666320800781,
          429.05560913085935
        ],
        [
          909.0052612304687,
          408.03935546875
        ]
      ]
    },
    {
      "joints": [
        -0.2956627957316227,
        -0.9520770442644397,
        2.2646456094305307,
        -2.9701860053174896,
        1.5173215350978646,
        0.33267819605783744
      ],
      "R_base_tcp": [
        [
          0.5821334589536528,
          0.09833320895519765,
          -0.8071252789890981
        ],
        [
          0.8092827993645066,
          0.02591796449336281,
          0.5868471775251787
        ],
        [
          0.07862561045488642,
          -0.9948159825480762,
          -0.06449166029419806
        ]
      ],
      "t_base_tcp": [
        -0.11892994577721577,
        -0.13041086523758785,
        0.8006896076905393
      ],
      "R_cam_tag": [
        [
          -0.8889177847763041,
          -0.03977944871902361,
          -0.45633624375891796
        ],
        [
          -0.2356994483836214,
          0.8939405275912122,
          0.38120349311306373
        ],
        [
          0.39277339769903535,
          0.4464167655784845,
          -0.8040156276282194
        ]
      ],
      "t_cam_tag": [
        0.30150722725433854,
        0.07007150321608781,
        0.40889775164650527
      ],
      "corners_avg_px": [
        [
          1128.8822631835938,
          401.8412322998047
        ],
        [
          943.0253479003907,
          362.7616027832031
        ],
        [
          902.6434631347656,
          477.0744140625
        ],
        [
          1059.5986450195312,
          524.1283935546875
        ]
      ]
    },
    {
      "joints": [
        0.16061208160179935,
        -1.0500800151707754,
        2.627855880837121,
        -2.835235642503198,
        1.4775827032241398,
        -0.2116718960697559
      ],
      "R_base_tcp": [
        [
          -0.325169865307783,
          -0.3178521664001793,
          -0.8906371646245348
        ],
        [
          0.9334669387648643,
          0.042840083303880006,
          -0.3560957757338179
        ],
        [
          0.15134078408899287,
          -0.9471719630443192,
          0.28277418463165893
        ]
      ],
      "t_base_tcp": [
        -0.011855903763783966,
        -0.16803754889212033,
        0.6411046683062351
      ],
      "R_cam_tag": [
        [
          -0.8704044958057117,
          0.005732663182979965,
          0.4923039206161531
        ],
        [
          0.024173342422424533,
          0.9992238098317502,
          0.03110349468227936
        ],
        [
          -0.4917434932943529,
          0.038973252855681366,
          -0.8698674740237814
        ]
      ],
      "t_cam_tag": [
        0.3801745370482982,
        0.1587709727773019,
        0.5687099744276364
      ],
      "corners_avg_px": [
        [
          995.7974243164062,
          440.14765014648435
        ],
        [
          939.3874267578125,
          451.65929260253904
        ],
        [
          937.4830688476562,
          559.4673278808593
        ],
        [
          993.5286987304687,
          537.5490783691406
        ]
      ]
    },
    {
      "joints": [
        0.14639640317998043,
        -1.153648509834414,
        2.2484449214850653,
        -3.6326377302489945,
        1.797139502001711,
        0.16485085659203214
      ],
      "R_base_tcp": [
        [
          0.10448571473130652,
          0.4743609345388409,
          -0.8741077960986995
        ],
        [
          0.9870625391742531,
          -0.15694095021681553,
          0.03281892600191222
        ],
        [
          -0.12161529170282825,
          -0.8662281696692162,
          -0.4846219958849942
        ]
      ],
      "t_base_tcp": [
        -0.18971748729466031,
        -0.15671026733734517,
        0.7507873473054602
      ],
      "R_cam_tag": [
        [
          -0.9913114393236324,
          0.08124551567272938,
          0.10344465403867409
        ],
        [
          0.1315009354540834,
          0.6302107708208907,
          0.7652070885165922
        ],
        [
          -0.003022290656054749,
          0.7721616090718388,
          -0.6354190076121261
        ]
      ],
      "t_cam_tag": [
        0.3719737129678319,
        0.16381749309385357,
        0.37530458554113794
      ],
      "corners_avg_px": [
        [
          1276.025,
          535.9953125
        ],
        [
          1098.9300537109375,
          559.8618957519532
        ],
        [
